"row.names.df_params."	"ModePrior_1"	"MAP_1"	"MaxL_1"	"MeanPost_1"	"VarPost_1"	"CVPost_1"	"MinPost_1"	"MaxPost_1"	"ModePrior_2"	"MAP_2"	"MaxL_2"	"MeanPost_2"	"VarPost_2"	"CVPost_2"	"MinPost_2"	"MaxPost_2"	"ModePrior_3"	"MAP_3"	"MaxL_3"	"MeanPost_3"	"VarPost_3"	"CVPost_3"	"MinPost_3"	"MaxPost_3"	"ModePrior_4"	"MAP_4"	"MaxL_4"	"MeanPost_4"	"VarPost_4"	"CVPost_4"	"MinPost_4"	"MaxPost_4"	"ModePrior_5"	"MAP_5"	"MaxL_5"	"MeanPost_5"	"VarPost_5"	"CVPost_5"	"MinPost_5"	"MaxPost_5"	"ModePrior_6"	"MAP_6"	"MaxL_6"	"MeanPost_6"	"VarPost_6"	"CVPost_6"	"MinPost_6"	"MaxPost_6"
"LOG10CLVI"	1.5	1.084	0.9053	1.186	0.0297	0.1454	0.9011	1.634	1.5	1.084	0.9053	1.186	0.0297	0.1454	0.9011	1.634	1.5	1.084	0.9053	1.186	0.0297	0.1454	0.9011	1.634	1.5	1.084	0.9053	1.186	0.0297	0.1454	0.9011	1.634	1.5	1.084	0.9053	1.186	0.0297	0.1454	0.9011	1.634	1.5	1.084	0.9053	1.186	0.0297	0.1454	0.9011	1.634
"LOG10CRESI"	0.5	-0.2701	-0.42	0.04464	0.1802	9.51	-0.7641	0.8672	0.5	-0.2701	-0.42	0.04464	0.1802	9.51	-0.7641	0.8672	0.5	-0.2701	-0.42	0.04464	0.1802	9.51	-0.7641	0.8672	0.5	-0.2701	-0.42	0.04464	0.1802	9.51	-0.7641	0.8672	0.5	-0.2701	-0.42	0.04464	0.1802	9.51	-0.7641	0.8672	0.5	-0.2701	-0.42	0.04464	0.1802	9.51	-0.7641	0.8672
"LOG10CRTI"	1	1.095	1.344	1.176	0.06075	0.2095	0.6069	1.563	1	1.095	1.344	1.176	0.06075	0.2095	0.6069	1.563	1	1.095	1.344	1.176	0.06075	0.2095	0.6069	1.563	1	1.095	1.344	1.176	0.06075	0.2095	0.6069	1.563	1	1.095	1.344	1.176	0.06075	0.2095	0.6069	1.563	1	1.095	1.344	1.176	0.06075	0.2095	0.6069	1.563
"CSTI"	0	0	0	0	0	0	0	0	0	0	0	0	0	0	0	0	0	0	0	0	0	0	0	0	0	0	0	0	0	0	0	0	0	0	0	0	0	0	0	0	0	0	0	0	0	0	0	0
"LOG10LAII"	0	-0.2498	-0.3393	-0.1524	0.03062	1.148	-0.5921	0.2789	0	-0.2498	-0.3393	-0.1524	0.03062	1.148	-0.5921	0.2789	0	-0.2498	-0.3393	-0.1524	0.03062	1.148	-0.5921	0.2789	0	-0.2498	-0.3393	-0.1524	0.03062	1.148	-0.5921	0.2789	0	-0.2498	-0.3393	-0.1524	0.03062	1.148	-0.5921	0.2789	0	-0.2498	-0.3393	-0.1524	0.03062	1.148	-0.5921	0.2789
"PHENI"	0.01	0.01	0.01	0.01	0	0	0.01	0.01	0.01	0.01	0.01	0.01	0	0	0.01	0.01	0.01	0.01	0.01	0.01	0	0	0.01	0.01	0.01	0.01	0.01	0.01	0	0	0.01	0.01	0.01	0.01	0.01	0.01	0	0	0.01	0.01	0.01	0.01	0.01	0.01	0	0	0.01	0.01
"TILTOTI"	2000	2273	2490	2324	26340	0.06983	1977	2613	2000	2273	2490	2324	26340	0.06983	1977	2613	2000	2273	2490	2324	26340	0.06983	1977	2613	2000	2273	2490	2324	26340	0.06983	1977	2613	2000	2273	2490	2324	26340	0.06983	1977	2613	2000	2273	2490	2324	26340	0.06983	1977	2613
"FRTILGI"	0.2	0.297	0.3378	0.2813	0.001488	0.1371	0.1872	0.3485	0.2	0.297	0.3378	0.2813	0.001488	0.1371	0.1872	0.3485	0.2	0.297	0.3378	0.2813	0.001488	0.1371	0.1872	0.3485	0.2	0.297	0.3378	0.2813	0.001488	0.1371	0.1872	0.3485	0.2	0.297	0.3378	0.2813	0.001488	0.1371	0.1872	0.3485	0.2	0.297	0.3378	0.2813	0.001488	0.1371	0.1872	0.3485
"LT50I"	-4.789	-4.789	-4.789	-4.789	0	0	-4.789	-4.789	-4.789	-4.789	-4.789	-4.789	0	0	-4.789	-4.789	-4.789	-4.789	-4.789	-4.789	0	0	-4.789	-4.789	-4.789	-4.789	-4.789	-4.789	0	0	-4.789	-4.789	-4.789	-4.789	-4.789	-4.789	0	0	-4.789	-4.789	-4.789	-4.789	-4.789	-4.789	0	0	-4.789	-4.789
"CLAIV"	0.5	0.615	0.5382	0.6003	0.004371	0.1101	0.474	0.7319	0.5	0.615	0.5382	0.6003	0.004371	0.1101	0.474	0.7319	0.5	0.615	0.5382	0.6003	0.004371	0.1101	0.474	0.7319	0.5	0.615	0.5382	0.6003	0.004371	0.1101	0.474	0.7319	0.5	0.615	0.5382	0.6003	0.004371	0.1101	0.474	0.7319	0.5	0.615	0.5382	0.6003	0.004371	0.1101	0.474	0.7319
"COCRESMX"	0.1412	0.132	0.1367	0.1558	0.0005164	0.1458	0.1177	0.1963	0.1412	0.132	0.1367	0.1558	0.0005164	0.1458	0.1177	0.1963	0.1412	0.132	0.1367	0.1558	0.0005164	0.1458	0.1177	0.1963	0.1412	0.132	0.1367	0.1558	0.0005164	0.1458	0.1177	0.1963	0.1412	0.132	0.1367	0.1558	0.0005164	0.1458	0.1177	0.1963	0.1412	0.132	0.1367	0.1558	0.0005164	0.1458	0.1177	0.1963
"CSTAVM"	1	1.03	0.8648	1.049	0.01912	0.1318	0.8063	1.358	1	1.03	0.8648	1.049	0.01912	0.1318	0.8063	1.358	1	1.03	0.8648	1.049	0.01912	0.1318	0.8063	1.358	1	1.03	0.8648	1.049	0.01912	0.1318	0.8063	1.358	1	1.03	0.8648	1.049	0.01912	0.1318	0.8063	1.358	1	1.03	0.8648	1.049	0.01912	0.1318	0.8063	1.358
"DAYLB"	0.3922	0.4697	0.4438	0.4769	0.002424	0.1033	0.3671	0.5811	0.3922	0.4697	0.4438	0.4769	0.002424	0.1033	0.3671	0.5811	0.3922	0.4697	0.4438	0.4769	0.002424	0.1033	0.3671	0.5811	0.3922	0.4697	0.4438	0.4769	0.002424	0.1033	0.3671	0.5811	0.3922	0.4697	0.4438	0.4769	0.002424	0.1033	0.3671	0.5811	0.3922	0.4697	0.4438	0.4769	0.002424	0.1033	0.3671	0.5811
"DAYLP"	0.6323	0.7255	0.7931	0.7736	0.003174	0.07282	0.6319	0.9039	0.6323	0.7255	0.7931	0.7736	0.003174	0.07282	0.6319	0.9039	0.6323	0.7255	0.7931	0.7736	0.003174	0.07282	0.6319	0.9039	0.6323	0.7255	0.7931	0.7736	0.003174	0.07282	0.6319	0.9039	0.6323	0.7255	0.7931	0.7736	0.003174	0.07282	0.6319	0.9039	0.6323	0.7255	0.7931	0.7736	0.003174	0.07282	0.6319	0.9039
"DLMXGE"	0.9919	0.9667	0.986	0.9639	0.0007832	0.02903	0.8762	0.9997	0.9919	0.9667	0.986	0.9639	0.0007832	0.02903	0.8762	0.9997	0.9919	0.9667	0.986	0.9639	0.0007832	0.02903	0.8762	0.9997	0.9919	0.9667	0.986	0.9639	0.0007832	0.02903	0.8762	0.9997	0.9919	0.9667	0.986	0.9639	0.0007832	0.02903	0.8762	0.9997	0.9919	0.9667	0.986	0.9639	0.0007832	0.02903	0.8762	0.9997
"FSLAMIN"	0.4666	0.6856	0.4603	0.5393	0.009311	0.1789	0.3958	0.7166	0.4666	0.6856	0.4603	0.5393	0.009311	0.1789	0.3958	0.7166	0.4666	0.6856	0.4603	0.5393	0.009311	0.1789	0.3958	0.7166	0.4666	0.6856	0.4603	0.5393	0.009311	0.1789	0.3958	0.7166	0.4666	0.6856	0.4603	0.5393	0.009311	0.1789	0.3958	0.7166	0.4666	0.6856	0.4603	0.5393	0.009311	0.1789	0.3958	0.7166
"FSMAX"	0.693	0.693	0.693	0.693	0	0	0.693	0.693	0.693	0.693	0.693	0.693	0	0	0.693	0.693	0.693	0.693	0.693	0.693	0	0	0.693	0.693	0.693	0.693	0.693	0.693	0	0	0.693	0.693	0.693	0.693	0.693	0.693	0	0	0.693	0.693	0.693	0.693	0.693	0.693	0	0	0.693	0.693
"HAGERE"	0.8	0.7967	0.8074	0.7973	0.000411	0.02543	0.753	0.8556	0.8	0.7967	0.8074	0.7973	0.000411	0.02543	0.753	0.8556	0.8	0.7967	0.8074	0.7973	0.000411	0.02543	0.753	0.8556	0.8	0.7967	0.8074	0.7973	0.000411	0.02543	0.753	0.8556	0.8	0.7967	0.8074	0.7973	0.000411	0.02543	0.753	0.8556	0.8	0.7967	0.8074	0.7973	0.000411	0.02543	0.753	0.8556
"K"	0.5	0.4572	0.4841	0.4408	0.002694	0.1178	0.3138	0.5222	0.5	0.4572	0.4841	0.4408	0.002694	0.1178	0.3138	0.5222	0.5	0.4572	0.4841	0.4408	0.002694	0.1178	0.3138	0.5222	0.5	0.4572	0.4841	0.4408	0.002694	0.1178	0.3138	0.5222	0.5	0.4572	0.4841	0.4408	0.002694	0.1178	0.3138	0.5222	0.5	0.4572	0.4841	0.4408	0.002694	0.1178	0.3138	0.5222
"LAICR"	3.796	5.221	5.538	4.54	0.5206	0.1589	3.527	5.747	3.796	5.221	5.538	4.54	0.5206	0.1589	3.527	5.747	3.796	5.221	5.538	4.54	0.5206	0.1589	3.527	5.747	3.796	5.221	5.538	4.54	0.5206	0.1589	3.527	5.747	3.796	5.221	5.538	4.54	0.5206	0.1589	3.527	5.747	3.796	5.221	5.538	4.54	0.5206	0.1589	3.527	5.747
"LAIEFT"	0.2	0.2581	0.2879	0.2257	0.001872	0.1917	0.1575	0.3011	0.2	0.2581	0.2879	0.2257	0.001872	0.1917	0.1575	0.3011	0.2	0.2581	0.2879	0.2257	0.001872	0.1917	0.1575	0.3011	0.2	0.2581	0.2879	0.2257	0.001872	0.1917	0.1575	0.3011	0.2	0.2581	0.2879	0.2257	0.001872	0.1917	0.1575	0.3011	0.2	0.2581	0.2879	0.2257	0.001872	0.1917	0.1575	0.3011
"LAITIL"	0.5665	0.5676	0.6399	0.5565	0.002065	0.08166	0.4405	0.6655	0.5665	0.5676	0.6399	0.5565	0.002065	0.08166	0.4405	0.6655	0.5665	0.5676	0.6399	0.5565	0.002065	0.08166	0.4405	0.6655	0.5665	0.5676	0.6399	0.5565	0.002065	0.08166	0.4405	0.6655	0.5665	0.5676	0.6399	0.5565	0.002065	0.08166	0.4405	0.6655	0.5665	0.5676	0.6399	0.5565	0.002065	0.08166	0.4405	0.6655
"LFWIDG"	0.008521	0.01001	0.01077	0.00887	1.473e-06	0.1368	0.006805	0.01136	0.008521	0.01001	0.01077	0.00887	1.473e-06	0.1368	0.006805	0.01136	0.008521	0.01001	0.01077	0.00887	1.473e-06	0.1368	0.006805	0.01136	0.008521	0.01001	0.01077	0.00887	1.473e-06	0.1368	0.006805	0.01136	0.008521	0.01001	0.01077	0.00887	1.473e-06	0.1368	0.006805	0.01136	0.008521	0.01001	0.01077	0.00887	1.473e-06	0.1368	0.006805	0.01136
"LFWIDV"	0.004919	0.003129	0.003038	0.004466	7.461e-07	0.1934	0.002822	0.005893	0.004919	0.003129	0.003038	0.004466	7.461e-07	0.1934	0.002822	0.005893	0.004919	0.003129	0.003038	0.004466	7.461e-07	0.1934	0.002822	0.005893	0.004919	0.003129	0.003038	0.004466	7.461e-07	0.1934	0.002822	0.005893	0.004919	0.003129	0.003038	0.004466	7.461e-07	0.1934	0.002822	0.005893	0.004919	0.003129	0.003038	0.004466	7.461e-07	0.1934	0.002822	0.005893
"NELLVM"	2.092	2.562	2.802	2.499	0.06588	0.1027	2.048	2.997	2.092	2.562	2.802	2.499	0.06588	0.1027	2.048	2.997	2.092	2.562	2.802	2.499	0.06588	0.1027	2.048	2.997	2.092	2.562	2.802	2.499	0.06588	0.1027	2.048	2.997	2.092	2.562	2.802	2.499	0.06588	0.1027	2.048	2.997	2.092	2.562	2.802	2.499	0.06588	0.1027	2.048	2.997
"PHENCR"	0.4952	0.4368	0.3817	0.4249	0.001821	0.1004	0.3319	0.5125	0.4952	0.4368	0.3817	0.4249	0.001821	0.1004	0.3319	0.5125	0.4952	0.4368	0.3817	0.4249	0.001821	0.1004	0.3319	0.5125	0.4952	0.4368	0.3817	0.4249	0.001821	0.1004	0.3319	0.5125	0.4952	0.4368	0.3817	0.4249	0.001821	0.1004	0.3319	0.5125	0.4952	0.4368	0.3817	0.4249	0.001821	0.1004	0.3319	0.5125
"PHY"	63.05	40.45	51.76	47.25	44.44	0.1411	36.72	63.51	63.05	40.45	51.76	47.25	44.44	0.1411	36.72	63.51	63.05	40.45	51.76	47.25	44.44	0.1411	36.72	63.51	63.05	40.45	51.76	47.25	44.44	0.1411	36.72	63.51	63.05	40.45	51.76	47.25	44.44	0.1411	36.72	63.51	63.05	40.45	51.76	47.25	44.44	0.1411	36.72	63.51
"RDRSCO"	0.07122	0.0871	0.0834	0.08143	1.555e-05	0.04843	0.07114	0.08971	0.07122	0.0871	0.0834	0.08143	1.555e-05	0.04843	0.07114	0.08971	0.07122	0.0871	0.0834	0.08143	1.555e-05	0.04843	0.07114	0.08971	0.07122	0.0871	0.0834	0.08143	1.555e-05	0.04843	0.07114	0.08971	0.07122	0.0871	0.0834	0.08143	1.555e-05	0.04843	0.07114	0.08971	0.07122	0.0871	0.0834	0.08143	1.555e-05	0.04843	0.07114	0.08971
"RDRSMX"	0.06	0.05518	0.04885	0.05167	1.852e-05	0.08328	0.04258	0.06323	0.06	0.05518	0.04885	0.05167	1.852e-05	0.08328	0.04258	0.06323	0.06	0.05518	0.04885	0.05167	1.852e-05	0.08328	0.04258	0.06323	0.06	0.05518	0.04885	0.05167	1.852e-05	0.08328	0.04258	0.06323	0.06	0.05518	0.04885	0.05167	1.852e-05	0.08328	0.04258	0.06323	0.06	0.05518	0.04885	0.05167	1.852e-05	0.08328	0.04258	0.06323
"RDRTEM"	0.001026	0.0006624	0.0009608	0.0007752	1.483e-08	0.1571	0.0005405	0.001096	0.001026	0.0006624	0.0009608	0.0007752	1.483e-08	0.1571	0.0005405	0.001096	0.001026	0.0006624	0.0009608	0.0007752	1.483e-08	0.1571	0.0005405	0.001096	0.001026	0.0006624	0.0009608	0.0007752	1.483e-08	0.1571	0.0005405	0.001096	0.001026	0.0006624	0.0009608	0.0007752	1.483e-08	0.1571	0.0005405	0.001096	0.001026	0.0006624	0.0009608	0.0007752	1.483e-08	0.1571	0.0005405	0.001096
"RGENMX"	0.01088	0.0161	0.01807	0.01535	2.709e-06	0.1072	0.01071	0.01847	0.01088	0.0161	0.01807	0.01535	2.709e-06	0.1072	0.01071	0.01847	0.01088	0.0161	0.01807	0.01535	2.709e-06	0.1072	0.01071	0.01847	0.01088	0.0161	0.01807	0.01535	2.709e-06	0.1072	0.01071	0.01847	0.01088	0.0161	0.01807	0.01535	2.709e-06	0.1072	0.01071	0.01847	0.01088	0.0161	0.01807	0.01535	2.709e-06	0.1072	0.01071	0.01847
"ROOTDM"	0.7611	0.5136	0.5735	0.7008	0.01199	0.1563	0.5084	0.9576	0.7611	0.5136	0.5735	0.7008	0.01199	0.1563	0.5084	0.9576	0.7611	0.5136	0.5735	0.7008	0.01199	0.1563	0.5084	0.9576	0.7611	0.5136	0.5735	0.7008	0.01199	0.1563	0.5084	0.9576	0.7611	0.5136	0.5735	0.7008	0.01199	0.1563	0.5084	0.9576	0.7611	0.5136	0.5735	0.7008	0.01199	0.1563	0.5084	0.9576
"RRDMAX"	0.012	0.009865	0.007128	0.009326	2.535e-06	0.1707	0.006288	0.01234	0.012	0.009865	0.007128	0.009326	2.535e-06	0.1707	0.006288	0.01234	0.012	0.009865	0.007128	0.009326	2.535e-06	0.1707	0.006288	0.01234	0.012	0.009865	0.007128	0.009326	2.535e-06	0.1707	0.006288	0.01234	0.012	0.009865	0.007128	0.009326	2.535e-06	0.1707	0.006288	0.01234	0.012	0.009865	0.007128	0.009326	2.535e-06	0.1707	0.006288	0.01234
"RUBISC"	5.78	6.286	6.857	6.109	0.3202	0.09262	5.069	7.306	5.78	6.286	6.857	6.109	0.3202	0.09262	5.069	7.306	5.78	6.286	6.857	6.109	0.3202	0.09262	5.069	7.306	5.78	6.286	6.857	6.109	0.3202	0.09262	5.069	7.306	5.78	6.286	6.857	6.109	0.3202	0.09262	5.069	7.306	5.78	6.286	6.857	6.109	0.3202	0.09262	5.069	7.306
"SHAPE"	0.5389	0.5177	0.5603	0.487	0.001515	0.07993	0.3958	0.573	0.5389	0.5177	0.5603	0.487	0.001515	0.07993	0.3958	0.573	0.5389	0.5177	0.5603	0.487	0.001515	0.07993	0.3958	0.573	0.5389	0.5177	0.5603	0.487	0.001515	0.07993	0.3958	0.573	0.5389	0.5177	0.5603	0.487	0.001515	0.07993	0.3958	0.573	0.5389	0.5177	0.5603	0.487	0.001515	0.07993	0.3958	0.573
"SIMAX1T"	0.004504	0.007714	0.008243	0.007013	7.844e-07	0.1263	0.004377	0.008535	0.004504	0.007714	0.008243	0.007013	7.844e-07	0.1263	0.004377	0.008535	0.004504	0.007714	0.008243	0.007013	7.844e-07	0.1263	0.004377	0.008535	0.004504	0.007714	0.008243	0.007013	7.844e-07	0.1263	0.004377	0.008535	0.004504	0.007714	0.008243	0.007013	7.844e-07	0.1263	0.004377	0.008535	0.004504	0.007714	0.008243	0.007013	7.844e-07	0.1263	0.004377	0.008535
"SLAMAX"	0.06	0.07819	0.08268	0.07847	4.699e-05	0.08736	0.05689	0.08693	0.06	0.07819	0.08268	0.07847	4.699e-05	0.08736	0.05689	0.08693	0.06	0.07819	0.08268	0.07847	4.699e-05	0.08736	0.05689	0.08693	0.06	0.07819	0.08268	0.07847	4.699e-05	0.08736	0.05689	0.08693	0.06	0.07819	0.08268	0.07847	4.699e-05	0.08736	0.05689	0.08693	0.06	0.07819	0.08268	0.07847	4.699e-05	0.08736	0.05689	0.08693
"TBASE"	3.611	2.53	3.497	2.858	0.1175	0.1199	2.336	3.611	3.611	2.53	3.497	2.858	0.1175	0.1199	2.336	3.611	3.611	2.53	3.497	2.858	0.1175	0.1199	2.336	3.611	3.611	2.53	3.497	2.858	0.1175	0.1199	2.336	3.611	3.611	2.53	3.497	2.858	0.1175	0.1199	2.336	3.611	3.611	2.53	3.497	2.858	0.1175	0.1199	2.336	3.611
"TCRES"	1.89	2.835	3.005	2.723	0.15	0.1422	1.861	3.311	1.89	2.835	3.005	2.723	0.15	0.1422	1.861	3.311	1.89	2.835	3.005	2.723	0.15	0.1422	1.861	3.311	1.89	2.835	3.005	2.723	0.15	0.1422	1.861	3.311	1.89	2.835	3.005	2.723	0.15	0.1422	1.861	3.311	1.89	2.835	3.005	2.723	0.15	0.1422	1.861	3.311
"TOPTGE"	12.62	10.83	10.73	12.02	1.553	0.1037	10.2	14.91	12.62	10.83	10.73	12.02	1.553	0.1037	10.2	14.91	12.62	10.83	10.73	12.02	1.553	0.1037	10.2	14.91	12.62	10.83	10.73	12.02	1.553	0.1037	10.2	14.91	12.62	10.83	10.73	12.02	1.553	0.1037	10.2	14.91	12.62	10.83	10.73	12.02	1.553	0.1037	10.2	14.91
"TRANCO"	8	11.16	10.35	10.53	0.5806	0.07237	8	11.63	8	11.16	10.35	10.53	0.5806	0.07237	8	11.63	8	11.16	10.35	10.53	0.5806	0.07237	8	11.63	8	11.16	10.35	10.53	0.5806	0.07237	8	11.63	8	11.16	10.35	10.53	0.5806	0.07237	8	11.63	8	11.16	10.35	10.53	0.5806	0.07237	8	11.63
"YG"	0.8418	0.8102	0.8011	0.8165	0.0003383	0.02252	0.7861	0.8594	0.8418	0.8102	0.8011	0.8165	0.0003383	0.02252	0.7861	0.8594	0.8418	0.8102	0.8011	0.8165	0.0003383	0.02252	0.7861	0.8594	0.8418	0.8102	0.8011	0.8165	0.0003383	0.02252	0.7861	0.8594	0.8418	0.8102	0.8011	0.8165	0.0003383	0.02252	0.7861	0.8594	0.8418	0.8102	0.8011	0.8165	0.0003383	0.02252	0.7861	0.8594
"LAT"	58.46	58.46	58.46	58.46	0	0	58.46	58.46	58.46	58.46	58.46	58.46	0	0	58.46	58.46	58.46	58.46	58.46	58.46	0	0	58.46	58.46	58.46	58.46	58.46	58.46	0	0	58.46	58.46	58.46	58.46	58.46	58.46	0	0	58.46	58.46	58.46	58.46	58.46	58.46	0	0	58.46	58.46
"WCI"	0.3	0.3	0.3	0.3	0	0	0.3	0.3	0.3	0.3	0.3	0.3	0	0	0.3	0.3	0.3	0.3	0.3	0.3	0	0	0.3	0.3	0.3	0.3	0.3	0.3	0	0	0.3	0.3	0.3	0.3	0.3	0.3	0	0	0.3	0.3	0.3	0.3	0.3	0.3	0	0	0.3	0.3
"FWCAD"	0.01136	0.01136	0.01136	0.01136	0	0	0.01136	0.01136	0.01136	0.01136	0.01136	0.01136	0	0	0.01136	0.01136	0.01136	0.01136	0.01136	0.01136	0	0	0.01136	0.01136	0.01136	0.01136	0.01136	0.01136	0	0	0.01136	0.01136	0.01136	0.01136	0.01136	0.01136	0	0	0.01136	0.01136	0.01136	0.01136	0.01136	0.01136	0	0	0.01136	0.01136
"FWCWP"	0.07741	0.08637	0.07869	0.09538	0.0001834	0.142	0.07078	0.1231	0.07741	0.08637	0.07869	0.09538	0.0001834	0.142	0.07078	0.1231	0.07741	0.08637	0.07869	0.09538	0.0001834	0.142	0.07078	0.1231	0.07741	0.08637	0.07869	0.09538	0.0001834	0.142	0.07078	0.1231	0.07741	0.08637	0.07869	0.09538	0.0001834	0.142	0.07078	0.1231	0.07741	0.08637	0.07869	0.09538	0.0001834	0.142	0.07078	0.1231
"FWCFC"	0.6498	0.5738	0.5303	0.5574	0.001844	0.07704	0.4742	0.6543	0.6498	0.5738	0.5303	0.5574	0.001844	0.07704	0.4742	0.6543	0.6498	0.5738	0.5303	0.5574	0.001844	0.07704	0.4742	0.6543	0.6498	0.5738	0.5303	0.5574	0.001844	0.07704	0.4742	0.6543	0.6498	0.5738	0.5303	0.5574	0.001844	0.07704	0.4742	0.6543	0.6498	0.5738	0.5303	0.5574	0.001844	0.07704	0.4742	0.6543
"FWCWET"	1	1	1	1	0	0	1	1	1	1	1	1	0	0	1	1	1	1	1	1	0	0	1	1	1	1	1	1	0	0	1	1	1	1	1	1	0	0	1	1	1	1	1	1	0	0	1	1
"WCST"	0.44	0.44	0.44	0.44	0	0	0.44	0.44	0.44	0.44	0.44	0.44	0	0	0.44	0.44	0.44	0.44	0.44	0.44	0	0	0.44	0.44	0.44	0.44	0.44	0.44	0	0	0.44	0.44	0.44	0.44	0.44	0.44	0	0	0.44	0.44	0.44	0.44	0.44	0.44	0	0	0.44	0.44
"WpoolMax"	50	50	50	50	0	0	50	50	50	50	50	50	0	0	50	50	50	50	50	50	0	0	50	50	50	50	50	50	0	0	50	50	50	50	50	50	0	0	50	50	50	50	50	50	0	0	50	50
"Dparam"	0.001895	0.001895	0.001895	0.001895	0	0	0.001895	0.001895	0.001895	0.001895	0.001895	0.001895	0	0	0.001895	0.001895	0.001895	0.001895	0.001895	0.001895	0	0	0.001895	0.001895	0.001895	0.001895	0.001895	0.001895	0	0	0.001895	0.001895	0.001895	0.001895	0.001895	0.001895	0	0	0.001895	0.001895	0.001895	0.001895	0.001895	0.001895	0	0	0.001895	0.001895
"FGAS"	0.4175	0.4175	0.4175	0.4175	0	0	0.4175	0.4175	0.4175	0.4175	0.4175	0.4175	0	0	0.4175	0.4175	0.4175	0.4175	0.4175	0.4175	0	0	0.4175	0.4175	0.4175	0.4175	0.4175	0.4175	0	0	0.4175	0.4175	0.4175	0.4175	0.4175	0.4175	0	0	0.4175	0.4175	0.4175	0.4175	0.4175	0.4175	0	0	0.4175	0.4175
"FO2MX"	0.2008	0.2008	0.2008	0.2008	0	0	0.2008	0.2008	0.2008	0.2008	0.2008	0.2008	0	0	0.2008	0.2008	0.2008	0.2008	0.2008	0.2008	0	0	0.2008	0.2008	0.2008	0.2008	0.2008	0.2008	0	0	0.2008	0.2008	0.2008	0.2008	0.2008	0.2008	0	0	0.2008	0.2008	0.2008	0.2008	0.2008	0.2008	0	0	0.2008	0.2008
"gamma"	68.86	68.86	68.86	68.86	0	0	68.86	68.86	68.86	68.86	68.86	68.86	0	0	68.86	68.86	68.86	68.86	68.86	68.86	0	0	68.86	68.86	68.86	68.86	68.86	68.86	0	0	68.86	68.86	68.86	68.86	68.86	68.86	0	0	68.86	68.86	68.86	68.86	68.86	68.86	0	0	68.86	68.86
"Hparam"	0.008262	0.008262	0.008262	0.008262	0	0	0.008262	0.008262	0.008262	0.008262	0.008262	0.008262	0	0	0.008262	0.008262	0.008262	0.008262	0.008262	0.008262	0	0	0.008262	0.008262	0.008262	0.008262	0.008262	0.008262	0	0	0.008262	0.008262	0.008262	0.008262	0.008262	0.008262	0	0	0.008262	0.008262	0.008262	0.008262	0.008262	0.008262	0	0	0.008262	0.008262
"KRDRANAER"	0.6396	0.6396	0.6396	0.6396	0	0	0.6396	0.6396	0.6396	0.6396	0.6396	0.6396	0	0	0.6396	0.6396	0.6396	0.6396	0.6396	0.6396	0	0	0.6396	0.6396	0.6396	0.6396	0.6396	0.6396	0	0	0.6396	0.6396	0.6396	0.6396	0.6396	0.6396	0	0	0.6396	0.6396	0.6396	0.6396	0.6396	0.6396	0	0	0.6396	0.6396
"KRESPHARD"	0.02244	0.02244	0.02244	0.02244	0	0	0.02244	0.02244	0.02244	0.02244	0.02244	0.02244	0	0	0.02244	0.02244	0.02244	0.02244	0.02244	0.02244	0	0	0.02244	0.02244	0.02244	0.02244	0.02244	0.02244	0	0	0.02244	0.02244	0.02244	0.02244	0.02244	0.02244	0	0	0.02244	0.02244	0.02244	0.02244	0.02244	0.02244	0	0	0.02244	0.02244
"KRSR3H"	1	0.853	0.8493	0.8954	0.002141	0.05167	0.7771	1	1	0.853	0.8493	0.8954	0.002141	0.05167	0.7771	1	1	0.853	0.8493	0.8954	0.002141	0.05167	0.7771	1	1	0.853	0.8493	0.8954	0.002141	0.05167	0.7771	1	1	0.853	0.8493	0.8954	0.002141	0.05167	0.7771	1	1	0.853	0.8493	0.8954	0.002141	0.05167	0.7771	1
"KRTOTAER"	1.775	1.775	1.775	1.775	0	0	1.775	1.775	1.775	1.775	1.775	1.775	0	0	1.775	1.775	1.775	1.775	1.775	1.775	0	0	1.775	1.775	1.775	1.775	1.775	1.775	0	0	1.775	1.775	1.775	1.775	1.775	1.775	0	0	1.775	1.775	1.775	1.775	1.775	1.775	0	0	1.775	1.775
"KSNOW"	0.03871	0.03871	0.03871	0.03871	0	0	0.03871	0.03871	0.03871	0.03871	0.03871	0.03871	0	0	0.03871	0.03871	0.03871	0.03871	0.03871	0.03871	0	0	0.03871	0.03871	0.03871	0.03871	0.03871	0.03871	0	0	0.03871	0.03871	0.03871	0.03871	0.03871	0.03871	0	0	0.03871	0.03871	0.03871	0.03871	0.03871	0.03871	0	0	0.03871	0.03871
"LAMBDAsoil"	199000	199000	199000	199000	0	0	199000	199000	199000	199000	199000	199000	0	0	199000	199000	199000	199000	199000	199000	0	0	199000	199000	199000	199000	199000	199000	0	0	199000	199000	199000	199000	199000	199000	0	0	199000	199000	199000	199000	199000	199000	0	0	199000	199000
"LDT50A"	1.555	1.555	1.555	1.555	0	0	1.555	1.555	1.555	1.555	1.555	1.555	0	0	1.555	1.555	1.555	1.555	1.555	1.555	0	0	1.555	1.555	1.555	1.555	1.555	1.555	0	0	1.555	1.555	1.555	1.555	1.555	1.555	0	0	1.555	1.555	1.555	1.555	1.555	1.555	0	0	1.555	1.555
"LDT50B"	-2.172	-2.172	-2.172	-2.172	0	0	-2.172	-2.172	-2.172	-2.172	-2.172	-2.172	0	0	-2.172	-2.172	-2.172	-2.172	-2.172	-2.172	0	0	-2.172	-2.172	-2.172	-2.172	-2.172	-2.172	0	0	-2.172	-2.172	-2.172	-2.172	-2.172	-2.172	0	0	-2.172	-2.172	-2.172	-2.172	-2.172	-2.172	0	0	-2.172	-2.172
"LT50MN"	-25.47	-25.47	-25.47	-25.47	0	0	-25.47	-25.47	-25.47	-25.47	-25.47	-25.47	0	0	-25.47	-25.47	-25.47	-25.47	-25.47	-25.47	0	0	-25.47	-25.47	-25.47	-25.47	-25.47	-25.47	0	0	-25.47	-25.47	-25.47	-25.47	-25.47	-25.47	0	0	-25.47	-25.47	-25.47	-25.47	-25.47	-25.47	0	0	-25.47	-25.47
"LT50MX"	-4.544	-4.544	-4.544	-4.544	0	0	-4.544	-4.544	-4.544	-4.544	-4.544	-4.544	0	0	-4.544	-4.544	-4.544	-4.544	-4.544	-4.544	0	0	-4.544	-4.544	-4.544	-4.544	-4.544	-4.544	0	0	-4.544	-4.544	-4.544	-4.544	-4.544	-4.544	0	0	-4.544	-4.544	-4.544	-4.544	-4.544	-4.544	0	0	-4.544	-4.544
"RATEDMX"	1.81	1.81	1.81	1.81	0	0	1.81	1.81	1.81	1.81	1.81	1.81	0	0	1.81	1.81	1.81	1.81	1.81	1.81	0	0	1.81	1.81	1.81	1.81	1.81	1.81	0	0	1.81	1.81	1.81	1.81	1.81	1.81	0	0	1.81	1.81	1.81	1.81	1.81	1.81	0	0	1.81	1.81
"reHardRedDay"	133.7	133.7	133.7	133.7	0	0	133.7	133.7	133.7	133.7	133.7	133.7	0	0	133.7	133.7	133.7	133.7	133.7	133.7	0	0	133.7	133.7	133.7	133.7	133.7	133.7	0	0	133.7	133.7	133.7	133.7	133.7	133.7	0	0	133.7	133.7	133.7	133.7	133.7	133.7	0	0	133.7	133.7
"RHOnewSnow"	85.86	85.86	85.86	85.86	0	0	85.86	85.86	85.86	85.86	85.86	85.86	0	0	85.86	85.86	85.86	85.86	85.86	85.86	0	0	85.86	85.86	85.86	85.86	85.86	85.86	0	0	85.86	85.86	85.86	85.86	85.86	85.86	0	0	85.86	85.86	85.86	85.86	85.86	85.86	0	0	85.86	85.86
"RHOpack"	0.02187	0.02187	0.02187	0.02187	0	0	0.02187	0.02187	0.02187	0.02187	0.02187	0.02187	0	0	0.02187	0.02187	0.02187	0.02187	0.02187	0.02187	0	0	0.02187	0.02187	0.02187	0.02187	0.02187	0.02187	0	0	0.02187	0.02187	0.02187	0.02187	0.02187	0.02187	0	0	0.02187	0.02187	0.02187	0.02187	0.02187	0.02187	0	0	0.02187	0.02187
"SWret"	0.08415	0.08415	0.08415	0.08415	0	0	0.08415	0.08415	0.08415	0.08415	0.08415	0.08415	0	0	0.08415	0.08415	0.08415	0.08415	0.08415	0.08415	0	0	0.08415	0.08415	0.08415	0.08415	0.08415	0.08415	0	0	0.08415	0.08415	0.08415	0.08415	0.08415	0.08415	0	0	0.08415	0.08415	0.08415	0.08415	0.08415	0.08415	0	0	0.08415	0.08415
"SWrf"	0.0104	0.0104	0.0104	0.0104	0	0	0.0104	0.0104	0.0104	0.0104	0.0104	0.0104	0	0	0.0104	0.0104	0.0104	0.0104	0.0104	0.0104	0	0	0.0104	0.0104	0.0104	0.0104	0.0104	0.0104	0	0	0.0104	0.0104	0.0104	0.0104	0.0104	0.0104	0	0	0.0104	0.0104	0.0104	0.0104	0.0104	0.0104	0	0	0.0104	0.0104
"THARDMX"	14.71	14.78	14.67	14.67	0.04612	0.01464	13.82	15	14.71	14.78	14.67	14.67	0.04612	0.01464	13.82	15	14.71	14.78	14.67	14.67	0.04612	0.01464	13.82	15	14.71	14.78	14.67	14.67	0.04612	0.01464	13.82	15	14.71	14.78	14.67	14.67	0.04612	0.01464	13.82	15	14.71	14.78	14.67	14.67	0.04612	0.01464	13.82	15
"TmeltFreeze"	0	0	0	0	0	0	0	0	0	0	0	0	0	0	0	0	0	0	0	0	0	0	0	0	0	0	0	0	0	0	0	0	0	0	0	0	0	0	0	0	0	0	0	0	0	0	0	0
"TrainSnow"	0.01062	0.01062	0.01062	0.01062	0	0	0.01062	0.01062	0.01062	0.01062	0.01062	0.01062	0	0	0.01062	0.01062	0.01062	0.01062	0.01062	0.01062	0	0	0.01062	0.01062	0.01062	0.01062	0.01062	0.01062	0	0	0.01062	0.01062	0.01062	0.01062	0.01062	0.01062	0	0	0.01062	0.01062	0.01062	0.01062	0.01062	0.01062	0	0	0.01062	0.01062
"TsurfDiff"	3.353	3.353	3.353	3.353	0	0	3.353	3.353	3.353	3.353	3.353	3.353	0	0	3.353	3.353	3.353	3.353	3.353	3.353	0	0	3.353	3.353	3.353	3.353	3.353	3.353	0	0	3.353	3.353	3.353	3.353	3.353	3.353	0	0	3.353	3.353	3.353	3.353	3.353	3.353	0	0	3.353	3.353
"KLUETILG"	0.5	0.5643	0.5317	0.5124	0.003342	0.1128	0.4009	0.6529	0.5	0.5643	0.5317	0.5124	0.003342	0.1128	0.4009	0.6529	0.5	0.5643	0.5317	0.5124	0.003342	0.1128	0.4009	0.6529	0.5	0.5643	0.5317	0.5124	0.003342	0.1128	0.4009	0.6529	0.5	0.5643	0.5317	0.5124	0.003342	0.1128	0.4009	0.6529	0.5	0.5643	0.5317	0.5124	0.003342	0.1128	0.4009	0.6529
"FRTILGG1I"	0.1	0.1585	0.138	0.15	0.002406	0.3269	0.0196	0.2724	0.1	0.1585	0.138	0.15	0.002406	0.3269	0.0196	0.2724	0.1	0.1585	0.138	0.15	0.002406	0.3269	0.0196	0.2724	0.1	0.1585	0.138	0.15	0.002406	0.3269	0.0196	0.2724	0.1	0.1585	0.138	0.15	0.002406	0.3269	0.0196	0.2724	0.1	0.1585	0.138	0.15	0.002406	0.3269	0.0196	0.2724
"DAYLG1G2"	0.6	0.5927	0.5224	0.5733	0.002161	0.08108	0.484	0.6864	0.6	0.5927	0.5224	0.5733	0.002161	0.08108	0.484	0.6864	0.6	0.5927	0.5224	0.5733	0.002161	0.08108	0.484	0.6864	0.6	0.5927	0.5224	0.5733	0.002161	0.08108	0.484	0.6864	0.6	0.5927	0.5224	0.5733	0.002161	0.08108	0.484	0.6864	0.6	0.5927	0.5224	0.5733	0.002161	0.08108	0.484	0.6864
"RGRTG1G2"	0.9	0.912	0.8865	0.89	0.002189	0.05257	0.788	0.9965	0.9	0.912	0.8865	0.89	0.002189	0.05257	0.788	0.9965	0.9	0.912	0.8865	0.89	0.002189	0.05257	0.788	0.9965	0.9	0.912	0.8865	0.89	0.002189	0.05257	0.788	0.9965	0.9	0.912	0.8865	0.89	0.002189	0.05257	0.788	0.9965	0.9	0.912	0.8865	0.89	0.002189	0.05257	0.788	0.9965
"RDRTMIN"	0.01	0.007721	0.008779	0.009138	2.642e-06	0.1779	0.005433	0.0122	0.01	0.007721	0.008779	0.009138	2.642e-06	0.1779	0.005433	0.0122	0.01	0.007721	0.008779	0.009138	2.642e-06	0.1779	0.005433	0.0122	0.01	0.007721	0.008779	0.009138	2.642e-06	0.1779	0.005433	0.0122	0.01	0.007721	0.008779	0.009138	2.642e-06	0.1779	0.005433	0.0122	0.01	0.007721	0.008779	0.009138	2.642e-06	0.1779	0.005433	0.0122
"TVERN"	20	20	20	20	0	0	20	20	20	20	20	20	0	0	20	20	20	20	20	20	0	0	20	20	20	20	20	20	0	0	20	20	20	20	20	20	0	0	20	20	20	20	20	20	0	0	20	20
"CLITT0"	300	300	300	300	0	0	300	300	300	300	300	300	0	0	300	300	300	300	300	300	0	0	300	300	300	300	300	300	0	0	300	300	300	300	300	300	0	0	300	300	300	300	300	300	0	0	300	300
"CSOM0"	10000	6676	7350	7694	1155000	0.1397	5594	10260	10000	6676	7350	7694	1155000	0.1397	5594	10260	10000	6676	7350	7694	1155000	0.1397	5594	10260	10000	6676	7350	7694	1155000	0.1397	5594	10260	10000	6676	7350	7694	1155000	0.1397	5594	10260	10000	6676	7350	7694	1155000	0.1397	5594	10260
"CNLITT0"	50	50	50	50	0	0	50	50	50	50	50	50	0	0	50	50	50	50	50	50	0	0	50	50	50	50	50	50	0	0	50	50	50	50	50	50	0	0	50	50	50	50	50	50	0	0	50	50
"CNSOMF0"	25	25.64	27.51	26.6	0.8943	0.03555	24.07	28.51	25	25.64	27.51	26.6	0.8943	0.03555	24.07	28.51	25	25.64	27.51	26.6	0.8943	0.03555	24.07	28.51	25	25.64	27.51	26.6	0.8943	0.03555	24.07	28.51	25	25.64	27.51	26.6	0.8943	0.03555	24.07	28.51	25	25.64	27.51	26.6	0.8943	0.03555	24.07	28.51
"CNSOMS0"	25	24.57	23.93	26.15	3.867	0.0752	22.99	29.82	25	24.57	23.93	26.15	3.867	0.0752	22.99	29.82	25	24.57	23.93	26.15	3.867	0.0752	22.99	29.82	25	24.57	23.93	26.15	3.867	0.0752	22.99	29.82	25	24.57	23.93	26.15	3.867	0.0752	22.99	29.82	25	24.57	23.93	26.15	3.867	0.0752	22.99	29.82
"FCSOMF0"	0.5	0.4168	0.4171	0.4593	0.002301	0.1044	0.3791	0.5476	0.5	0.4168	0.4171	0.4593	0.002301	0.1044	0.3791	0.5476	0.5	0.4168	0.4171	0.4593	0.002301	0.1044	0.3791	0.5476	0.5	0.4168	0.4171	0.4593	0.002301	0.1044	0.3791	0.5476	0.5	0.4168	0.4171	0.4593	0.002301	0.1044	0.3791	0.5476	0.5	0.4168	0.4171	0.4593	0.002301	0.1044	0.3791	0.5476
"FLITTSOMF"	0.6	0.6	0.6	0.6	0	0	0.6	0.6	0.6	0.6	0.6	0.6	0	0	0.6	0.6	0.6	0.6	0.6	0.6	0	0	0.6	0.6	0.6	0.6	0.6	0.6	0	0	0.6	0.6	0.6	0.6	0.6	0.6	0	0	0.6	0.6	0.6	0.6	0.6	0.6	0	0	0.6	0.6
"FSOMFSOMS"	0.03	0.03	0.03	0.03	0	0	0.03	0.03	0.03	0.03	0.03	0.03	0	0	0.03	0.03	0.03	0.03	0.03	0.03	0	0	0.03	0.03	0.03	0.03	0.03	0.03	0	0	0.03	0.03	0.03	0.03	0.03	0.03	0	0	0.03	0.03	0.03	0.03	0.03	0.03	0	0	0.03	0.03
"RNLEACH"	0.5	0.5	0.5	0.5	0	0	0.5	0.5	0.5	0.5	0.5	0.5	0	0	0.5	0.5	0.5	0.5	0.5	0.5	0	0	0.5	0.5	0.5	0.5	0.5	0.5	0	0	0.5	0.5	0.5	0.5	0.5	0.5	0	0	0.5	0.5	0.5	0.5	0.5	0.5	0	0	0.5	0.5
"KNEMIT"	5e-04	5e-04	5e-04	5e-04	0	0	5e-04	5e-04	5e-04	5e-04	5e-04	5e-04	0	0	5e-04	5e-04	5e-04	5e-04	5e-04	5e-04	0	0	5e-04	5e-04	5e-04	5e-04	5e-04	5e-04	0	0	5e-04	5e-04	5e-04	5e-04	5e-04	5e-04	0	0	5e-04	5e-04	5e-04	5e-04	5e-04	5e-04	0	0	5e-04	5e-04
"NMIN0"	1	1	1	1	0	0	1	1	1	1	1	1	0	0	1	1	1	1	1	1	0	0	1	1	1	1	1	1	0	0	1	1	1	1	1	1	0	0	1	1	1	1	1	1	0	0	1	1
"TCLITT"	365	365	365	365	0	0	365	365	365	365	365	365	0	0	365	365	365	365	365	365	0	0	365	365	365	365	365	365	0	0	365	365	365	365	365	365	0	0	365	365	365	365	365	365	0	0	365	365
"TCSOMF"	1460	1492	1731	1500	32070	0.1194	1209	1910	1460	1492	1731	1500	32070	0.1194	1209	1910	1460	1492	1731	1500	32070	0.1194	1209	1910	1460	1492	1731	1500	32070	0.1194	1209	1910	1460	1492	1731	1500	32070	0.1194	1209	1910	1460	1492	1731	1500	32070	0.1194	1209	1910
"TCSOMS"	73000	73000	73000	73000	0	0	73000	73000	73000	73000	73000	73000	0	0	73000	73000	73000	73000	73000	73000	0	0	73000	73000	73000	73000	73000	73000	0	0	73000	73000	73000	73000	73000	73000	0	0	73000	73000	73000	73000	73000	73000	0	0	73000	73000
"TMAXF"	50	50	50	50	0	0	50	50	50	50	50	50	0	0	50	50	50	50	50	50	0	0	50	50	50	50	50	50	0	0	50	50	50	50	50	50	0	0	50	50	50	50	50	50	0	0	50	50
"TSIGMAF"	20	20	20	20	0	0	20	20	20	20	20	20	0	0	20	20	20	20	20	20	0	0	20	20	20	20	20	20	0	0	20	20	20	20	20	20	0	0	20	20	20	20	20	20	0	0	20	20
"RFN2O"	8.5	8.5	8.5	8.5	0	0	8.5	8.5	8.5	8.5	8.5	8.5	0	0	8.5	8.5	8.5	8.5	8.5	8.5	0	0	8.5	8.5	8.5	8.5	8.5	8.5	0	0	8.5	8.5	8.5	8.5	8.5	8.5	0	0	8.5	8.5	8.5	8.5	8.5	8.5	0	0	8.5	8.5
"WFPS50N2O"	0.7	0.7	0.7	0.7	0	0	0.7	0.7	0.7	0.7	0.7	0.7	0	0	0.7	0.7	0.7	0.7	0.7	0.7	0	0	0.7	0.7	0.7	0.7	0.7	0.7	0	0	0.7	0.7	0.7	0.7	0.7	0.7	0	0	0.7	0.7	0.7	0.7	0.7	0.7	0	0	0.7	0.7
"NCSHMAX"	0.04	0.06184	0.06138	0.06027	3.555e-05	0.09892	0.04	0.06924	0.04	0.06184	0.06138	0.06027	3.555e-05	0.09892	0.04	0.06924	0.04	0.06184	0.06138	0.06027	3.555e-05	0.09892	0.04	0.06924	0.04	0.06184	0.06138	0.06027	3.555e-05	0.09892	0.04	0.06924	0.04	0.06184	0.06138	0.06027	3.555e-05	0.09892	0.04	0.06924	0.04	0.06184	0.06138	0.06027	3.555e-05	0.09892	0.04	0.06924
"NCR"	0.03	0.01727	0.01667	0.02271	3.379e-05	0.256	0.01511	0.03531	0.03	0.01727	0.01667	0.02271	3.379e-05	0.256	0.01511	0.03531	0.03	0.01727	0.01667	0.02271	3.379e-05	0.256	0.01511	0.03531	0.03	0.01727	0.01667	0.02271	3.379e-05	0.256	0.01511	0.03531	0.03	0.01727	0.01667	0.02271	3.379e-05	0.256	0.01511	0.03531	0.03	0.01727	0.01667	0.02271	3.379e-05	0.256	0.01511	0.03531
"RDRROOT"	0.02	0.02	0.02	0.02	0	0	0.02	0.02	0.02	0.02	0.02	0.02	0	0	0.02	0.02	0.02	0.02	0.02	0.02	0	0	0.02	0.02	0.02	0.02	0.02	0.02	0	0	0.02	0.02	0.02	0.02	0.02	0.02	0	0	0.02	0.02	0.02	0.02	0.02	0.02	0	0	0.02	0.02
"RDRSTUB"	0.2	0.2658	0.2531	0.2504	0.0006326	0.1004	0.1979	0.2888	0.2	0.2658	0.2531	0.2504	0.0006326	0.1004	0.1979	0.2888	0.2	0.2658	0.2531	0.2504	0.0006326	0.1004	0.1979	0.2888	0.2	0.2658	0.2531	0.2504	0.0006326	0.1004	0.1979	0.2888	0.2	0.2658	0.2531	0.2504	0.0006326	0.1004	0.1979	0.2888	0.2	0.2658	0.2531	0.2504	0.0006326	0.1004	0.1979	0.2888
"NFERTMULT"	1	1	1	1	0	0	1	1	1	1	1	1	0	0	1	1	1	1	1	1	0	0	1	1	1	1	1	1	0	0	1	1	1	1	1	1	0	0	1	1	1	1	1	1	0	0	1	1
"FNCGSHMIN"	0.1	0.162	0.134	0.1103	0.001697	0.3736	0.01581	0.1938	0.1	0.162	0.134	0.1103	0.001697	0.3736	0.01581	0.1938	0.1	0.162	0.134	0.1103	0.001697	0.3736	0.01581	0.1938	0.1	0.162	0.134	0.1103	0.001697	0.3736	0.01581	0.1938	0.1	0.162	0.134	0.1103	0.001697	0.3736	0.01581	0.1938	0.1	0.162	0.134	0.1103	0.001697	0.3736	0.01581	0.1938
"TCNSHMOB"	8	6.81	6.366	6.798	7.478	0.4023	1.086	14.66	8	6.81	6.366	6.798	7.478	0.4023	1.086	14.66	8	6.81	6.366	6.798	7.478	0.4023	1.086	14.66	8	6.81	6.366	6.798	7.478	0.4023	1.086	14.66	8	6.81	6.366	6.798	7.478	0.4023	1.086	14.66	8	6.81	6.366	6.798	7.478	0.4023	1.086	14.66
"TCNUPT"	8	26.23	21.13	20.42	39.87	0.3092	7.81	29.97	8	26.23	21.13	20.42	39.87	0.3092	7.81	29.97	8	26.23	21.13	20.42	39.87	0.3092	7.81	29.97	8	26.23	21.13	20.42	39.87	0.3092	7.81	29.97	8	26.23	21.13	20.42	39.87	0.3092	7.81	29.97	8	26.23	21.13	20.42	39.87	0.3092	7.81	29.97
"F_DIGEST_WALL_FMIN"	0.7	0.6375	0.6507	0.6583	0.0003876	0.02991	0.6219	0.7049	0.7	0.6375	0.6507	0.6583	0.0003876	0.02991	0.6219	0.7049	0.7	0.6375	0.6507	0.6583	0.0003876	0.02991	0.6219	0.7049	0.7	0.6375	0.6507	0.6583	0.0003876	0.02991	0.6219	0.7049	0.7	0.6375	0.6507	0.6583	0.0003876	0.02991	0.6219	0.7049	0.7	0.6375	0.6507	0.6583	0.0003876	0.02991	0.6219	0.7049
"F_DIGEST_WALL_MAX"	0.9	0.8315	0.8209	0.8481	0.0006586	0.03026	0.8165	0.9028	0.9	0.8315	0.8209	0.8481	0.0006586	0.03026	0.8165	0.9028	0.9	0.8315	0.8209	0.8481	0.0006586	0.03026	0.8165	0.9028	0.9	0.8315	0.8209	0.8481	0.0006586	0.03026	0.8165	0.9028	0.9	0.8315	0.8209	0.8481	0.0006586	0.03026	0.8165	0.9028	0.9	0.8315	0.8209	0.8481	0.0006586	0.03026	0.8165	0.9028
"F_WALL_LV_FMIN"	0.7	0.7672	0.7811	0.7616	0.0005042	0.02948	0.698	0.7873	0.7	0.7672	0.7811	0.7616	0.0005042	0.02948	0.698	0.7873	0.7	0.7672	0.7811	0.7616	0.0005042	0.02948	0.698	0.7873	0.7	0.7672	0.7811	0.7616	0.0005042	0.02948	0.698	0.7873	0.7	0.7672	0.7811	0.7616	0.0005042	0.02948	0.698	0.7873	0.7	0.7672	0.7811	0.7616	0.0005042	0.02948	0.698	0.7873
"F_WALL_LV_MAX"	0.6	0.6094	0.6176	0.6046	2e-04	0.02339	0.5677	0.6405	0.6	0.6094	0.6176	0.6046	2e-04	0.02339	0.5677	0.6405	0.6	0.6094	0.6176	0.6046	2e-04	0.02339	0.5677	0.6405	0.6	0.6094	0.6176	0.6046	2e-04	0.02339	0.5677	0.6405	0.6	0.6094	0.6176	0.6046	2e-04	0.02339	0.5677	0.6405	0.6	0.6094	0.6176	0.6046	2e-04	0.02339	0.5677	0.6405
"F_WALL_ST_FMIN"	0.8	0.8238	0.7995	0.8181	0.0002499	0.01932	0.7853	0.8567	0.8	0.8238	0.7995	0.8181	0.0002499	0.01932	0.7853	0.8567	0.8	0.8238	0.7995	0.8181	0.0002499	0.01932	0.7853	0.8567	0.8	0.8238	0.7995	0.8181	0.0002499	0.01932	0.7853	0.8567	0.8	0.8238	0.7995	0.8181	0.0002499	0.01932	0.7853	0.8567	0.8	0.8238	0.7995	0.8181	0.0002499	0.01932	0.7853	0.8567
"F_WALL_ST_MAX"	0.75	0.6973	0.742	0.7311	0.0004515	0.02907	0.6932	0.767	0.75	0.6973	0.742	0.7311	0.0004515	0.02907	0.6932	0.767	0.75	0.6973	0.742	0.7311	0.0004515	0.02907	0.6932	0.767	0.75	0.6973	0.742	0.7311	0.0004515	0.02907	0.6932	0.767	0.75	0.6973	0.742	0.7311	0.0004515	0.02907	0.6932	0.767	0.75	0.6973	0.742	0.7311	0.0004515	0.02907	0.6932	0.767
